val_indices <- 1:5000
